fx=948.7147278896714
fy=1264.1658427870718
cx=963.4532191086563
cy=536.9201057274719
rvecs_x=-0.004131861300871871
rvecs_y=-0.34146591163488893
rvecs_z=0.00028835112493211186
tvecs_x=0.07995035544381054
tvecs_y=0.10694853761605323
tvecs_z=3.385298532837615
