fx=948.7147278896714
fy=1264.1658427870718
cx=963.4532191086563
cy=536.9201057274719
rvecs_x=-0.004131861300871871
rvecs_y=-0.004228318477201886
rvecs_z=-0.007557409768509171
tvecs_x=0.07995035544381054
tvecs_y=0.9248787253848142
tvecs_z=-1.5185064149524372
